0 20.2 4.1 20.2 4.5 170
60 22.3 1.8 20.2 6.5 173
120 23.8 2.0 19.4 7.0 185
180 26.2 2.1 18.0 7.5 195
240 28.7 2.1 16.2 8.0 200
300 31.4 2.1 14.4 8.5 204
360 33.7 2.1 12.7 9.0 206
420 31.5 2.1 11.0 8.25 206
480 33.4 2.1 9.5 8.5 203
540 35.4 2.1 7.6 9.0 207
600 37.2 2.1 6.0 9.25 210
660 38.9 2.1 4.5 9.75 210
720 40.7 2.1 2.7 10.0 210
780 42.2 2.1 1.5 10.5 212
840 43.9 2.1 0.6 11.0 212
900 45.4 2.1 -0.2 11.5 210
960 46.8 2.1 -0.7 11.5 210
1020 48.2 2.1 -1.0 12.0 208
1080 49.4 2.1 -1.4 12.5 204
1140 50.5 2.1 -1.8 13.0 204
