21.000 11.000 0.760 1.447 1.600 47.619 12.096
25.000 14.000 0.740 1.892 2.400 40.000 21.600
28.000 17.600 0.740 2.378 2.800 35.714 28.224
29.000 19.200 0.720 2.667 3.200 34.483 33.408
30.000 21.200 0.720 2.944 3.400 33.333 36.720
31.000 24.000 0.720 3.333 4.000 32.258 44.640
32.000 26.000 0.700 3.714 5.000 31.250 57.600
33.000 27.600 0.700 3.943 5.800 30.303 68.904
34.000 28.000 0.700 4.000 6.600 29.412 80.784
35.000 27.600 0.700 3.943 7.200 28.571 90.720
36.000 25.600 0.700 3.657 8.400 27.778 108.864
37.000 23.600 0.700 3.371 8.800 27.027 117.216
38.000 20.800 0.720 2.889 9.200 26.316 125.856
39.000 18.000 0.720 2.500 9.400 25.641 131.976
40.000 16.000 0.720 2.222 9.800 25.000 141.120
