#300      0
#310   10509
#320   10938
#330   11256
#340   11253
350   11261
360   11367
370   11476
380   11279
390   11367
400   11624
410   11298
420   11436
430   11617
440   11668
450   11468
460   11609
470   11409
480   11677
490   11599
500   11665
510   11647
520   11658
530   11811
540   11737
550   11479
560   11839
570   11621
580   11642
590   11697
600   11570
610   11724
#620   11628
#630   11844
#640   11929
#650   11861
#660   12040
#670   12279
#680   12236
#690   12388
#700   12239
