
# U/V # N/1/min #I/µA
#300 #0 #0
310 12443 0.2
310 13282 0.2
330 13400 0.2
340 13647 0.2
350 13371 0.2
360 13655 0.2
370 13613 0.2
380 13671 0.3
390 13910 0.3
400 13659 0.4
410 13686 0.4
420 13894 0.4
430 13783 0.4
440 14058 0.4
450 13954 0.5
460 13752 0.6
470 13802 0.6
480 13659 0.6
490 13907 0.6
500 13858 0.6
510 14033 0.7
520 13722 0.7
530 13912 0.8
540 13872 0.8
550 14125 0.8
560 14188 0.8
570 14223 0.8
580 14231 0.8
590 13926 0.9
600 14324 0.9
610 14042 1.0
620 14326 1.0
630 14142 1.0
640 14380 1.0
650 14367 1.1
660 14553 1.1
670 14578 1.2
680 14745 1.2
690 14741 1.2
700 14802 1.2
