7569
7186
7807
7696
7771
7874
7750
7836
7649
7283
7786
7771
7568
7299
7960
7590
7213
7621
7106
7592
6925
7602
7042
7398
7447
7060
7260
7049
7838
7126
7050
6975
7453
7540
7478
7450
7335
7492
7492
7419
7506
7675
7549
7335
7872
7840
7239
7640
7597
7460
7500
7483
7378
7106
7566
7401
7575
7729
7536
7717
7583
7713
7434
7625
7743
7466
7927
7229
7272
7688
7743
7746
7768
7456
7624
7799
7838
7724
7547
7774
7293
7038
7658
7238
7185
7337
6921
6990
7110
7369
7039
7444
7402
7811
7449
7402
7811
7449
7177
7959
7528
7058
7188
