
0.0 7.70
0.5 49.85
1.0 120.30
1.5 206.40
2.0 285.70
3.0 402.40
4.0 476.30
5.0 530.40
6.0 572.90
7 609.40
8 639.10
9 666.40
10 693.00
9 675.10
8 656.90
7 636.60
6 612.7
5 582.80
4 547.00
3 500.70
2 435.60
1.5 382.80
1 301.00
0.5 212.40
0 127.4
-0.5 25.85
-1 -69.75
-1.5 -147.2
-2 -237.4
-3 -371.2
-4 -463.7
-5 -523.2
-6 -571.1
-7 -608.5
-8 -639.6
-9 -668.5
-10 -693.0
-9 -676.7
-8 -659.6
-7 -640.1
-6 -616.6
-5 -587.0
-4 -551.4
-3 -504.6
-2 -437
-1.5 -385.3
-1 -303.7
-0.5 -204.3
0 -127.5
0.5 -28.01
1 68.01
1.5 148.20
2 235.9
3 369.6
4 461
5 523.3
6 569.3
7 604.6
8 638.1
9 665.1
10 691.3
